2
0 0 0 1 2 1 1 2 
71 188 

2
0 1 0 0 1 0 0 0 1 2 3 1 0 1 2 3 
233 294 

2
0 1 0 0 1 0 0 1 2 3 4 5 2 3 1 0 1 2 2 3 4 0 1 0 1 2 3 1 2 3 4 5 
440 697 

2
0 0 0 1 1 2 3 4 5 1 1 2 1 2 1 2 3 0 0 1 1 2 3 0 1 2 3 4 2 3 4 5 6 7 8 9 10 2 3 0 1 2 1 1 1 1 1 2 3 0 0 1 2 1 1 1 2 1 2 1 1 2 3 0 
927 1907 

2
0 1 2 3 0 0 1 2 0 1 2 0 1 0 1 2 3 4 4 4 5 1 2 0 1 0 0 1 2 3 0 0 0 1 2 3 4 4 5 6 7 8 9 0 1 0 1 2 3 4 4 4 5 6 7 0 0 0 1 0 0 1 0 1 0 1 0 1 2 3 4 4 5 6 0 0 0 0 0 1 2 0 0 0 0 1 0 1 2 3 4 5 6 7 0 1 0 0 1 2 3 0 0 1 0 1 0 0 1 2 0 1 0 1 2 3 0 0 0 0 1 2 0 0 0 0 1 0 
1123 2726 

